              precision    recall  f1-score   support

          AF     0.6724    0.5821    0.6240        67
        AFIB     0.8889    0.9588    0.9225       267
          AT     0.5455    0.4615    0.5000        13
          SA     0.6618    0.7377    0.6977        61
          SB     0.9729    0.9829    0.9779       584
          SR     0.9286    0.8509    0.8880       275
          ST     0.9571    0.9449    0.9510       236
         SVT     0.8804    0.9101    0.8950        89

    accuracy                         0.9158      1592
   macro avg     0.8134    0.8036    0.8070      1592
weighted avg     0.9156    0.9158    0.9149      1592
