              precision    recall  f1-score   support

          AF     0.0000    0.0000    0.0000       132
        AFIB     0.5967    0.2715    0.3732       534
          AT     0.0000    0.0000    0.0000        36
          SA     0.0000    0.0000    0.0000       119
          SB     0.6293    0.9949    0.7709      1167
          SR     0.7452    0.4909    0.5919       548
          ST     0.6487    0.8742    0.7448       469
         SVT     0.8182    0.4629    0.5912       175

    accuracy                         0.6497      3180
   macro avg     0.4298    0.3868    0.3840      3180
weighted avg     0.6002    0.6497    0.5900      3180
