              precision    recall  f1-score   support

          AF     0.7903    0.7313    0.7597        67
        AFIB     0.9373    0.9513    0.9442       267
          AT     0.5500    0.5789    0.5641        19
          SA     0.4359    0.5574    0.4892        61
          SB     0.9806    0.9521    0.9661       584
          SR     0.8669    0.8291    0.8476       275
          ST     0.9496    0.9576    0.9536       236
         SVT     0.8495    0.9518    0.8977        83

    accuracy                         0.9026      1592
   macro avg     0.7950    0.8137    0.8028      1592
weighted avg     0.9082    0.9026    0.9048      1592
